00000000 06400041 00000000 E8C81300 00000000 00000000 00000000 00000000
00000000 F2000001 00000002 00000005 00000000 00000000 00000000 00000000
00000000 06400021 00000000 00000000 0003ECAA 00000000 00000000 00000000
000061A7 06400021 00000000 00000000 FFFC1356 00000000 00000000 00000000
0000C34F 06400021 00000000 00000000 0003ECAA 00000000 00000000 00000000
000061A7 F1010261 FFFFFFFD 00000002 00000001 00000000 00000000 00000000
00000001 06200021 00000000 00000000 00000000 00000000 00000000 00000000
00000001 D0000001 1C000000 00000000 00000000 00000000 00000000 00000000
00000000 06400041 00000000 E8C81300 00000000 00000000 00000000 00000000
00000000 F00F100F 00000000 00000000 00000000 00000000 00000000 00000200
