00000000 06400041 00000000 E8C81300 00000000 00000000 00000000 00000000
00000000 F2000001 00000002 00000028 00000000 00000000 00000000 00000000
00000000 06400021 00000000 00000000 00138800 00000000 00000000 00000000
00000C34 06400021 00000000 00000000 FFEC7800 00000000 00000000 00000000
00001869 06400021 00000000 00000000 00138800 00000000 00000000 00000000
00000C34 F1010261 FFFFFFFD 00000002 00000001 00000000 00000000 00000000
00000001 06200021 00000000 00000000 00000000 00000000 00000000 00000000
00000001 D0000001 1C000000 00000000 00000000 00000000 00000000 00000000
00000000 06400041 00000000 E8C81300 00000000 00000000 00000000 00000000
00000000 F00F100F 00000000 00000000 00000000 00000000 00000000 00000200
